8.500768304096924 0.0001993689766495863
15.343433650042808 0.0006374408435648233
21.486928016713993 0.0012179962092987466
27.04933453646449 0.0018712441695784214
29.421393310574782 0.002179995316620894
29.761390305007083 0.0022255165718784364
30.407112978263484 0.0023127830367186742
32.944791790230724 0.002665207253727178
33.34465932410426 0.002721990031787399
37.79263787984443 0.003371706037514866
37.946177060057714 0.0033946165214218125
39.06671377423818 0.0035625394899267146
39.07752456340005 0.0035641652738841643
39.81121052836277 0.0036747228715694187
40.6056790630558 0.003794874580662992
41.56610473756713 0.0039405974013275585
42.48675214045325 0.004080625619840894
42.97757018070677 0.004155363034305192
48.23456634485873 0.00495336743671461
50.47702808272619 0.005288335704866459
52.06990781739476 0.005522672469312822
52.19918991778045 0.005541535696777148
53.07309727759636 0.005668367708047221
54.89384784598041 0.005928451053423551
54.9692058036201 0.005939083655311491
55.69775738037858 0.006041298023953339
56.2215528689058 0.006114113345677305
56.240564299718876 0.0061167453102376566
58.72290692949019 0.00645337981786755
60.88198576242202 0.0067337353230123576
61.72746567439238 0.006840051865986345
62.19603915287847 0.006898086987954762
63.127759476299595 0.007011546413734138
63.4038749721419 0.007044663391300076
63.961116121818684 0.007110776657257103
64.60940696095457 0.007186455997945644
66.42344524759173 0.007390907976937233
67.14091118119917 0.007468696078549565
68.14179560161725 0.007574201415387492
68.22165355841089 0.007582465876229621
68.33810436800263 0.007594476229647409
69.30233489563761 0.007692033314458541
69.75838855438647 0.007736985657899743
70.35510484979508 0.007794631790560023
70.54429697003648 0.00781262917691667
70.66760459617348 0.007824286208167216
71.5593835242436 0.00790686477292666
72.60798018574567 0.008000032879408007
72.89648222059135 0.008024911092254488
73.7897995680326 0.008099851709098552
74.09654501456421 0.00812484960535697
74.7145334612875 0.00817406082355868
75.48166267802604 0.008232991906877055
75.62156650114477 0.008243480176716058
75.67378574695498 0.008247374364834364
76.17645989624455 0.008284287295968399
76.59207787375131 0.00831402005593224
77.06398665829016 0.008346911544694103
77.15958044822794 0.008353461494978183
78.8559502521517 0.008463329640930887
78.86418049111435 0.008463833168785719
79.22732089074472 0.008485765005052907
79.23654008534366 0.00848631453239104
79.65217856420998 0.008510715094682845
79.67824628893611 0.00851222100085622
80.4355942574695 0.008554710466391818
80.63555304614664 0.008565520974169264
80.9761720521688 0.008583543045248781
80.99491126309177 0.008584520146386115
81.08349479888115 0.008589118752471935
81.18342040907513 0.008594265878913305
81.30607795830322 0.008600525519348944
82.78204088067001 0.008670792782117808
83.59201333684477 0.0087053783276885
83.86127552998916 0.00871625096541542
84.92965003290796 0.008756317843991947
85.80407490970607 0.008785458946371715
86.06306214592607 0.008793459490570423
86.55101983358627 0.008807751352309604
87.23655705076668 0.008826106481984774
87.59465730959157 0.008834895145901939
88.39125735707897 0.00885248294446925
88.58223209830716 0.0088562977847011
88.89055757658305 0.008862129679099072
89.28546903860072 0.008869010220029803
89.91805417806152 0.008878656661857987
89.98750879654472 0.008879612877612394
90.05422192348058 0.008880512209664095
91.20577639764967 0.008893089185468061
91.73568766703421 0.008897013735101227
91.85938559640059 0.008897761652319652
92.34793459844968 0.008900095453517918
92.69783614932562 0.0089011605488812
93.91669753370213 0.008900945766003015
95.28435695056827 0.008893521507524507
95.94090069594054 0.00888729393789571
96.9718132176675 0.008874075794581751
97.4022723079601 0.008867325307464225
97.48665621765709 0.008865917616614013
98.25986049266471 0.008851739825363462
99.86076854280363 0.00881515105186659
99.95501282103041 0.008812697328349193
100.07241240936251 0.0088095946225194
100.91250849158888 0.008785908949190435
102.10942548641025 0.00874773019580463
102.58979828451278 0.008730967362369741
102.97610107852199 0.008716897441622932
103.27096624242213 0.008705807088210112
104.0203132165505 0.008676271045451309
104.60343177669515 0.008651961421657122
104.93499517723023 0.008637628286679926
107.13955022456709 0.008533157066113458
107.52426629238512 0.008513333322630153
108.03805195179135 0.00848614165216629
108.28658925447301 0.008472696892328926
109.05438683655609 0.008429981258908007
109.53787314608026 0.008402180942465174
110.50375848473503 0.008344602921255854
110.72431405579985 0.008331080688035857
111.22372279370977 0.008299956798047686
111.2268392494295 0.00829976039319605
112.29413866555385 0.008230933223258607
112.42875230097849 0.008222033971094823
113.18747706894423 0.008170981309618706
113.58389880925274 0.008143712822787912
113.6870118781716 0.008136554230623592
115.15926534453767 0.008031455019607918
115.62880838473302 0.007996830900434104
116.61588659483839 0.007922370360019212
117.21712178866719 0.007875937080352951
118.38518739457204 0.007783487170478609
119.0871799490388 0.007726556817093099
120.03801300023164 0.007647880855792776
121.51966283040318 0.007521882292687428
122.36806387049671 0.007447977883234809
122.45371361761902 0.007440449033805313
124.42225954462407 0.007264172331495834
124.55526502104819 0.007252048575156533
124.77346221901568 0.007232103783174797
126.54702261524525 0.007067547155124736
128.0846375504388 0.006921657769778691
128.31604266564366 0.006899466161121118
128.6088256126695 0.00687130511428343
128.83707099145056 0.006849288397127896
129.3039635766119 0.00680408432636662
129.3904110712968 0.006795690505245762
130.0686301305916 0.006729586435662822
130.70605784284493 0.006667071021630461
130.93465544109782 0.006644564790125514
131.96212044552098 0.006542880255150869
134.91703930601722 0.006246388520966577
136.17617626298514 0.006118633245276863
136.31110729792792 0.006104904458426873
137.1893994421377 0.006015388312974061
137.74302211354768 0.005958843848971532
138.53913948629167 0.005877403870809182
139.82637463922345 0.00574549950893008
140.4762162192047 0.005678849481869074
141.18626264733433 0.005606011613693925
143.28249904479475 0.005391151444910367
143.38741330655563 0.00538041305838082
144.04974635326258 0.005312671309663905
148.3521773031061 0.004875981694009242
149.38589659526622 0.004772282195286032
149.44726143092834 0.004766144842448418
150.29727757119204 0.0046813598304190325
150.9832529001882 0.004613263850336567
151.07420199677355 0.004604258410569411
152.61543650724428 0.004452520970302081
153.65592261027578 0.004351073790544036
154.69922360611977 0.004250218973450762
156.61632688951968 0.004067333232015471
158.14798092950053 0.003923659363726638
158.55351452995586 0.0038860026378467684
159.28665688496469 0.0038183468450919
159.954221305899 0.0037572253573051662
162.57120093625758 0.003522249581367761
165.52276462469322 0.0032666060179500586
166.12267843322167 0.0032159194494230875
167.2552080779581 0.003121440580150666
168.30187684595433 0.0030355505085904438
169.04066259505132 0.002975762056179065
169.6113440391643 0.002930056885287977
173.0718027779546 0.002662011996098947
175.449411388583 0.0024870640004467414
176.1321455832583 0.0024382339623226995
182.93500227281976 0.0019862271817575653
183.16595732549868 0.0019719827290487517
187.3912810492706 0.0017239947096786576
188.3700119167123 0.0016699290894256627
190.21830051420275 0.00157123498349361
192.0297632033067 0.0014787705389472515
194.73318360761772 0.001348459180230242
200.67966068104423 0.0010928581803627232
201.4376911161795 0.0010632100592601634
207.43128192929072 0.0008506057054852703
216.23041410735073 0.0006021185422218554
220.8302010725804 0.0004984103695729405
230.5650074735444 0.0003278331169990125
267.77338008438716 5.245454142546448e-05
