89.26470912252725 2.360433991521775e-05
179.37652825617945 9.25717764861975e-05
239.612433616246 0.00016022903651179883
293.9193100099961 0.00023280703684418688
308.99332874213286 0.00025449296242289847
320.72517590104604 0.000271751829049228
332.7869682863513 0.0002898067766512806
351.0392133944631 0.0003176485843100773
357.7421053767715 0.0003280094109121446
374.84809610502475 0.00035472368199705213
377.26891282107573 0.0003585316804212299
380.7767115062403 0.0003640599417963557
387.04424155219726 0.00037396562506146664
411.59191700127695 0.00041302017081476825
422.84843931505554 0.00043100782777033916
448.43191093127575 0.0004718766839867383
458.4363374397303 0.0004877973750882346
462.4754823961491 0.0004942079093166068
478.22140120371955 0.0005190733044765378
481.04595813767673 0.0005235088566132364
495.3406105453153 0.000545814685275338
504.3894036074562 0.0005597949183521139
508.7734972071195 0.0005665242343247983
539.0086991285169 0.0006120131540761741
580.4320328073691 0.0006710787506669539
584.5267671974083 0.000676674730825092
587.0931268052123 0.0006801576335558657
588.0449774983132 0.0006814445919828856
589.605167690767 0.0006835483559454087
593.8423184021375 0.0006892255819490515
619.7394772416378 0.0007227181018789094
622.7866883127296 0.0007265161221742342
624.5507770709505 0.0007287005531918497
645.1441785220546 0.0007534005092927929
651.2677344681128 0.0007604516432442604
653.314856758801 0.0007627779433067616
669.0667503006298 0.0007801479842006784
669.3908536302494 0.0007804953710719476
672.551412838311 0.0007838614750095638
684.8203755829425 0.0007965539647005294
685.2738999585039 0.0007970115945406725
692.0898552954093 0.0008037886508157629
704.4313029622845 0.0008155732605307789
705.4347385285655 0.0008165035169874121
735.8375746302488 0.0008426499306588817
756.4405190547108 0.0008580690446872906
758.0890511295526 0.0008592208635229961
760.821104872905 0.0008611027872142132
774.0580596367965 0.0008697426314051307
775.2259696758596 0.0008704667137622656
776.572514447945 0.000871293827042152
780.9131018677348 0.0008739036693155907
790.8138291002938 0.0008795338104583383
796.6786935109202 0.0008826565597890524
796.9537278789197 0.0008827991152547076
797.1457434690981 0.0008828984339724875
797.8572006279268 0.000883264949508019
800.671506531619 0.0008846919063600236
803.1788124429467 0.0008859324373430023
803.5972918314293 0.0008861366623767845
807.0783403589099 0.0008878041423361062
813.1785430680449 0.0008905912539894278
817.3138510952878 0.0008923828082592025
821.0251336821009 0.0008939233334482979
829.8553764072833 0.0008973326426221417
829.9737276914266 0.0008973758891101604
830.7389461601913 0.0008976539433549028
832.5084551069496 0.0008982865577656769
833.8098338859439 0.0008987425782129516
835.724010204184 0.000899399113511079
837.3720308328393 0.0008999508047437298
844.9592404369857 0.0009023290200630306
850.4256042889615 0.0009038780231923007
854.0805451335978 0.0009048370376222733
856.6077762067288 0.0009054642684330651
876.0901999812241 0.000909318714817006
878.2180383064584 0.000909634981316682
886.5809354780426 0.0009106795213579831
888.5444264140227 0.0009108790433837732
892.8084517488911 0.0009112526928461276
893.9325654370123 0.0009113376212787767
894.7677975616788 0.000911397062958646
895.5146202711843 0.0009114475715052462
905.0191662513029 0.000911873320195174
906.6602188519552 0.0009119062418075489
910.1644021714467 0.0009119367305324269
912.1739103864016 0.0009119298131989727
915.5592713027079 0.0009118780692679587
917.2697507533334 0.0009118328435508238
922.5807418593532 0.000911611114527415
922.7015604364558 0.0009116046437421831
925.7757164874689 0.0009114187206900441
925.923124693031 0.0009114087782040176
931.1318956323453 0.0009109973174644139
940.1268502998101 0.0009100131466636048
950.1549983773687 0.0009085120219746935
950.9930499906029 0.0009083674822129553
951.4569952302095 0.000908286206109419
959.383885408691 0.0009067596028908536
962.1589995579224 0.0009061639447196981
970.0557409259466 0.0009042971105708605
996.1245864985864 0.0008963689916786813
996.8885854340283 0.0008960966949321705
1008.6837329291219 0.0008916119240324769
1016.4091463056142 0.0008883929926216077
1029.541362850242 0.0008824229359558043
1033.9625976010477 0.0008802747727699041
1040.0562919278098 0.0008772022297031349
1046.0948108587572 0.0008740316193556729
1061.2442315387648 0.0008655397106573661
1061.44939970672 0.0008654195398939407
1061.5923868495138 0.0008653357093525965
1069.0903118857282 0.0008608481090789557
1079.4904253626892 0.0008543311865952916
1081.066623518314 0.000853314488226964
1096.7964127318935 0.0008427627792999139
1103.0895420673007 0.0008383405471057788
1105.9836290217052 0.0008362695054600201
1108.21504803497 0.0008346568449128966
1112.4348659017455 0.0008315699265713413
1117.8867912616233 0.0008275106975421651
1138.6426666448258 0.000811354414364239
1139.8726789888674 0.0008103633985309512
1140.1089122845528 0.000810172650260618
1143.352314707195 0.000807540281608588
1144.2042128163566 0.000806844741730252
1152.1619555035795 0.0008002660623141285
1160.4145931573332 0.000793292238117596
1172.7959501719738 0.0007825538494050317
1176.7724858974998 0.0007790377546131027
1183.8949518192314 0.0007726617013941717
1186.8870945526862 0.0007699539361947564
1188.1883063044845 0.0007687711224317585
1192.6266599638138 0.000764712989972347
1193.1240943705636 0.0007642559202582568
1194.768790088711 0.0007627414997666408
1203.8087724535878 0.000754332231546718
1208.2677585603485 0.0007501328336051006
1211.1239390130158 0.0007474256738192818
1211.8533577576907 0.0007467321904485746
1212.1524005527508 0.0007464476328770728
1223.1919112865949 0.0007358449334428553
1241.4654126617952 0.0007179040552135307
1241.5271448673393 0.0007178426813885472
1247.12031468992 0.0007122619455518888
1249.0047457198511 0.0007103729653292705
1255.9756536494062 0.0007033485216086999
1267.2087355783033 0.0006919147704085477
1268.7986301486765 0.0006902857706402238
1288.3998298830875 0.0006700075448397964
1295.0241719354844 0.0006630810712309106
1304.110263020407 0.0006535287490339727
1306.180639918668 0.0006513444269269633
1314.831483048023 0.0006421895141858538
1342.7915382794968 0.0006123547192773661
1353.0338317792086 0.0006013602962328534
1366.6511927217748 0.000586713986596858
1372.8535751648283 0.000580037348107639
1374.6374886694198 0.0005781168201497338
1377.3408317863154 0.0005752064542500798
1380.8896931776592 0.0005713860726828665
1395.4180569108203 0.0005557566061668031
1403.3738284198837 0.0005472112203293913
1410.2660423779378 0.0005398197818511941
1412.548998835878 0.0005373742892907223
1415.2988256497838 0.0005344307614129429
1434.7406156883985 0.0005136970554110751
1484.2177067697273 0.00046182598255927376
1488.3280967590665 0.00045759164408609823
1490.1313222133865 0.0004557382554998872
1491.1742813279407 0.00045466747477902937
1497.4604711269192 0.00044823248358333127
1530.989745904619 0.0004145043702972365
1555.0619673279725 0.0003909784758924239
1557.2058448534651 0.00038891365565939316
1571.082517401083 0.0003756748300640255
1572.3476680240524 0.0003744789062054464
1616.859898254776 0.0003336478704059909
1651.4065625828428 0.00030373005058945943
1716.780066513412 0.00025166861442411795
1739.2445892348537 0.00023520071735677175
1743.5507029870923 0.0002321281795896588
1762.0664581650053 0.0002192253478246606
1787.8979930245973 0.00020205992077160416
1788.0911999398552 0.00020193518677592818
1801.9654117982843 0.00019311920367418774
1819.1763779606667 0.00018256799118830425
1833.4956238090842 0.00017411157723017443
1898.7554849303142 0.00013918001632889804
1905.6035508134935 0.0001358477195505905
1905.6585522019604 0.00013582120475205786
1918.8286030043016 0.0001295855244240512
1925.2969871858475 0.00012660478979016387
1955.4775763933121 0.00011339323564378835
1963.4208694555514 0.00011010236462553973
1977.4192025159796 0.00010448662019664781
2081.377553091711 6.957682401314176e-05
2098.10381936053 6.498084704898349e-05
2126.7974381033646 5.768463568188188e-05
2293.188969145148 2.7612862627919392e-05
