133.96315672475498 7.039135588836809e-05
140.27353009651566 7.6982906037664e-05
162.05014261108568 0.00010175015036108885
170.08588577959154 0.00011165223677430355
270.7531603044721 0.0002650466369311463
307.62903793102697 0.0003315904377224996
330.38008536985484 0.00037436942636853417
338.6899683216814 0.0003902337157708312
363.26122493830366 0.00043766075226394133
368.3858392537195 0.0004476201853994714
372.4222320400406 0.00045547485106049165
404.4127249681927 0.0005178022254804837
421.76837703140086 0.000551442682596827
423.99221176687746 0.0005557331942410528
425.9484991663193 0.0005595029151954251
425.9797396749014 0.0005595630787217872
426.8439475025533 0.0005612269234890361
432.46243509542535 0.0005720212172760225
449.70632548751615 0.0006048581460187001
457.01236648930126 0.0006186124605334694
462.61512919969584 0.0006290863028866638
469.11060521278654 0.0006411418162488624
475.42229830641406 0.0006527599370050891
478.1746288949782 0.0006577948100957144
482.9835331174593 0.0006665438114441149
487.3819321316942 0.0006744904459577954
507.87793844208943 0.0007107578604902921
512.8710586449023 0.0007193873174205993
513.8973906714493 0.0007211504545293083
516.3600427668297 0.000725365965761097
516.4442756296085 0.0007255097741187107
530.2582302986309 0.0007487424106983285
531.6871730360771 0.0007511045161207043
532.6590432719426 0.0007527065165279563
556.0599979341123 0.0007901174283685717
561.458107430385 0.00079841475482841
566.0180810609243 0.0008053217096497598
569.3844264711249 0.0008103595876036934
571.091994718433 0.0008128949414484875
572.8462717289401 0.0008154854375419091
578.0523672502708 0.0008230874296197362
579.988292568941 0.0008258812218912574
592.484523836668 0.0008434736022138168
593.8895988205797 0.0008454030444613065
603.3451021816707 0.0008581252366723453
607.3201913487484 0.0008633354070628365
618.3737033618671 0.0008773834032619549
624.4355351326723 0.0008848077199619458
626.9015183993471 0.0008877703798145637
630.8902062009541 0.0008924912639569179
632.5547355955587 0.0008944351826830728
633.354934829843 0.0008953641853200957
634.003517407666 0.0008961145360818914
643.5474119359268 0.0009068816397266211
656.9309526428195 0.000921102422914861
666.2538341390374 0.0009303916815739266
670.1147870330115 0.0009340884106136044
676.1316189558565 0.0009396723288901036
682.0699550158455 0.0009449706278873879
687.1151941065449 0.0009493049601501427
693.4919809878469 0.0009545622709723774
699.5334793288412 0.0009593143807137727
706.4529049630656 0.000964482193824839
709.37362260059 0.0009665751456503375
718.0815606877595 0.000972502557793898
719.9174532653648 0.0009736923442276907
720.8684959647461 0.0009743004724054809
724.985973508299 0.0009768685948409914
726.5796256321847 0.0009778343253784793
728.6452278569295 0.0009790625718777044
748.906802628896 0.0009897031989120526
753.9917080809043 0.000991972417177242
755.0589809575158 0.0009924282739586557
756.3719511531364 0.0009929793533629463
766.3053778905642 0.0009968014517439876
768.3365049009535 0.0009975075462165753
775.0919350229647 0.0009996721594705217
782.8355064387397 0.0010018065623538764
785.0955331375468 0.0010023598680302139
785.1606505242215 0.0010023753447961218
803.248655494901 0.0010056697426548784
809.5069272752766 0.0010063463638659812
812.5524735113858 0.0010065901940760982
818.0974587195799 0.001006891212572994
821.5573892701533 0.0010069859651681342
821.7760821516148 0.0010069895592331375
824.6380374322226 0.001007010412789297
830.0185029352193 0.0010069183778771322
839.8394362872191 0.0010063119785455447
840.964625999152 0.0010062065999035695
844.7529594199234 0.001005797924907103
844.7874528176284 0.0010057938230844784
849.0412624396959 0.0010052355156159763
858.5378305011917 0.0010036162787733526
864.2611743870253 0.0010023943535274486
866.6538469555412 0.0010018292260203095
870.3436854671056 0.0010008954142354364
883.5282122198535 0.0009969486029051276
894.4902605696394 0.0009929547004025369
895.3286496405981 0.0009926230861545438
900.9782192644308 0.0009902928266221798
901.0530132943594 0.000990260865053791
901.6203020484261 0.000990017505833612
903.4528543498441 0.0009892200269456775
904.6358888671622 0.0009886960295609946
911.4836883213095 0.0009855227058281056
925.6416256036205 0.0009782174173177116
926.1523847051732 0.0009779354713541142
938.1192577349228 0.0009709717731559519
944.4756140400598 0.000966998867011852
952.249821370111 0.0009618880124236156
968.988081439131 0.0009499744172508917
970.3394636047642 0.0009489599175809179
973.4407185630295 0.0009466027623920049
980.554880125419 0.0009410450251276823
989.4341124492203 0.0009338212075669564
991.6461844100368 0.0009319730865194315
994.0226819636741 0.000929966436210901
996.6851070061695 0.0009276925828759497
1012.2366854156937 0.0009138819062968596
1020.9457431684656 0.00090576845672373
1024.016451030209 0.0009028454627576423
1030.3311618832186 0.0008967353497195227
1046.323382126997 0.0008806889317557408
1061.2787831831624 0.0008649872662245897
1066.7016015540064 0.0008591387566933056
1077.2044538402404 0.0008475908019051465
1079.4539089902155 0.0008450810983109244
1082.021717900265 0.000842201024630355
1091.9014778360956 0.0008309737702710407
1094.9403315279578 0.0008274754819015677
1103.404032808927 0.0008176263085971493
1116.2609458209372 0.0008023846701526338
1117.9743926593446 0.0008003294413951982
1119.418606435809 0.0007985929663802794
1126.2096072125094 0.0007903778653853148
1129.8536032761008 0.0007859370254797889
1135.6533770825656 0.0007788242602665698
1138.9485153111743 0.0007747596674113582
1140.3930074100251 0.0007729726931510803
1146.0338445945545 0.000765965301041812
1147.2822725452152 0.0007644083420754991
1159.1576520954816 0.0007494953564530951
1161.6013187053502 0.0007464049342590962
1181.808769481163 0.000720605158261039
1185.671647294718 0.0007156297390273775
1189.3798073357204 0.0007108423574381876
1191.5993847572852 0.0007079718359745497
1191.800561246171 0.0007077114832392731
1201.4383116787335 0.0006952071272743626
1208.3426910331468 0.0006862154923193327
1217.3231287681724 0.0006744865518582905
1242.5175701667306 0.0006414572893029545
1245.0488348228848 0.0006381343609454263
1253.9200099311831 0.000626489987067161
1279.04313580977 0.0005935868282903304
1279.4333267950306 0.0005930773307347004
1283.6375767763443 0.0005875916155373595
1295.5495810675595 0.00057209477612862
1306.80055579795 0.0005575329501892699
1316.269034794489 0.0005453456097996056
1328.4221091651398 0.0005298072585571533
1366.203853101384 0.00048242084969369567
1381.9748461991746 0.00046312902832740737
1382.5017115521591 0.00046249009609331264
1400.0621665949295 0.00044141220915166346
1418.736932971771 0.0004194870160196431
1423.724322761328 0.0004137218351444249
1430.0058345201535 0.0004065167894574891
1433.0076177764352 0.0004030960869269924
1437.4133327750176 0.00039810214330899727
1438.5643521526706 0.000396802706208399
1445.2196046002175 0.0003893325164225424
1447.761938532299 0.0003864985082718053
1455.7840073705984 0.0003776283095206294
1464.0481912972493 0.0003686068187672671
1470.0284261854397 0.00036215347683855794
1491.6984102226174 0.0003393084396132266
1497.8548707303376 0.00033297532072335266
1498.779302630156 0.0003320304555475083
1509.6079596741235 0.00032108184641614385
1517.6525002812734 0.0003130917530854163
1523.2119828221948 0.00030764203707697003
1544.1937276302767 0.00028761108783707123
1548.222222568062 0.00028386292358079866
1561.587705895404 0.00027165467675743343
1581.6540854016712 0.0002539839283980629
1624.9471000935453 0.00021855440367083939
1626.7816170545045 0.00021713409368563218
1667.7203351270216 0.00018712775038238626
1672.9452104821726 0.0001835280630570439
1680.9711811749216 0.00017809834192042366
1707.7388094920477 0.0001608510709202578
1731.4375814638865 0.00014666182237603657
1815.516270044451 0.0001039805383443576
1869.5241619153906 8.227123827899811e-05
1953.7388835673958 5.594881802906399e-05
1972.8905850135068 5.107558082361471e-05
2051.3343769552466 3.4703828254207796e-05
2052.7683765885754 3.4452752811762053e-05
